# Character table for group C5h 
#
Classe 10
#
nelet   1    1        1        1        1        1       1       1       1       1
#
elem    E    C5       C5^2     C5^3     C5^4     Sig_h   S5      S5^7    S5^3    S5^9
A'      1    1        1        1        1        1       1       1       1       1
E1'     2    0.618   -1.618   -1.618    0.618    2       0.618  -1.618  -1.618   0.618
E2'     2   -1.618    0.618    0.618   -1.618    2      -1.618   0.618   0.618  -1.618
A''     1    1        1        1        1       -1      -1      -1      -1      -1
E1''    2    0.618   -1.618   -1.618    0.618   -2      -0.618   1.618   1.618  -0.618
E2''    2   -1.618    0.618    0.618   -1.618   -2       1.618  -0.618  -0.618   1.618
#
Teta    0    72       144      216      288     180      252     324     36      108

