# Character table for group C6h 
#
Classe 12
#
nelet   1    1        1     1     1       1       1    1       1       1        1     1
#
elem    E    C6(z)    C3    C2    C3^2    C6^5    i    S3^5    S6^5    Sig_h    S6    S3
Ag      1    1        1     1     1       1       1    1       1       1        1     1
Bg      1   -1        1    -1     1      -1       1   -1       1      -1        1    -1
E1g     2    1       -1    -2    -1       1       2    1      -1      -2       -1     1
E2g     2   -1       -1     2    -1      -1       2   -1      -1       2       -1    -1
Au      1    1        1     1     1       1      -1   -1      -1      -1       -1    -1
Bu      1   -1        1    -1     1      -1      -1    1      -1       1       -1     1
E1u     2    1       -1    -2    -1       1      -2   -1       1       2        1    -1
E2u     2   -1       -1     2    -1      -1      -2    1       1      -2        1     1
#
Teta    0    60      120   180   240     300      0    60     120     180      240   300
