# Character table for group D4h
#
Classe 10
#
nelet   1    2        1      2      2       1     2      1        2        2
#
elem    E    C4(z)    C2     C2'    C2''    i     S4     Sig_h    Sig_v    Sig_d
A1g     1    1        1      1      1       1     1      1        1        1
A2g     1    1        1     -1     -1       1     1      1       -1       -1
B1g     1   -1        1      1     -1       1    -1      1        1       -1
B2g     1   -1        1     -1      1       1    -1      1       -1        1
Eg      2    0       -2      0      0       2     0     -2        0        0
A1u     1    1        1      1      1      -1    -1     -1       -1       -1
A2u     1    1        1     -1     -1      -1    -1     -1        1        1
B1u     1   -1        1      1     -1      -1     1     -1       -1        1
B2u     1   -1        1     -1      1      -1     1     -1        1       -1
Eu      2    0       -2      0      0      -2     0      2        0        0
#
Teta    0    90      180    180    180      0    270    180      180      180
