# Character table for group D5d
#
Classe 8
#
nelet   1     2       2        5      1     2         2       5
#
elem    E     C5      C5^2     C2     i     S10^3     S10     Sig_d
A1g     1     1       1        1      1     1         1       1
A2g     1     1       1       -1      1     1         1      -1
E1g     2     0.618  -1.618    0      2     0.618    -1.618   0
E2g     2    -1.618   0.618    0      2    -1.618     0.618   0
A1u     1     1       1        1     -1    -1        -1      -1
A2u     1     1       1       -1     -1    -1        -1       1
E1u     2     0.618  -1.618    0     -2    -0.618     1.618   0
E2u     2    -1.618   0.618    0     -2     1.618    -0.618   0
#
Teta    0     72      144      180    0     108       36      180