# Character table for group D5h
#
Classe 8
#
nelet   1     2       2        5       1        2        2        5
#
elem    E     C5      C5^2     C2      Sig_h    S5       S5^3     Sig_v
A1'     1     1       1        1       1        1        1        1
A2'     1     1       1       -1       1        1        1       -1
E1'     2     0.618  -1.618    0       2        0.618   -1.618    0
E2'     2    -1.618   0.618    0       2       -1.618    0.618    0
A1''    1     1       1        1      -1       -1       -1       -1
A2''    1     1       1       -1      -1       -1       -1        1
E1''    2     0.618  -1.618    0      -2       -0.618    1.618    0
E2''    2    -1.618   0.618    0      -2        1.618   -0.618    0
#
Teta    0     72      144      180    180       252      36       180