# Character table for group D6d
#
Classe 9
#
nelet   1     2       2     2      3      2        1      6      6
#
elem    E     C12     C6    S4     C3     S12^5    C2     C2'    Sig_d
A1      1     1       1     1      1      1        1      1      1
A2      1     1       1     1      1      1        1     -1     -1
B1      1    -1       1    -1      1     -1        1      1     -1
B2      1    -1       1    -1      1     -1        1     -1      1
E1      2     1.732   1     0     -1     -1.732   -2      0      0
E2      2     1      -1    -2     -1      1        2      0      0
E3      2     0      -2     0      2      0       -2      0      0
E4      2    -1      -1     2     -1     -1        2      0      0
E5      2    -1.732   1     0     -1      1.732   -2      0      0
#
Teta    0     30      60    270    120    150     180     180    180