# Character table for group D6h
#
Classe 12
#
nelet   1     2     2     1     6      6       1     2     2      1        3        3
#
elem    E     C6    C3    C2    C2'    C2''    i     S3    S6     Sig_h    Sig_d    Sig_v
A1g     1     1     1     1     1      1       1     1     1      1        1        1
A2g     1     1     1     1    -1     -1       1     1     1      1       -1       -1
B1g     1    -1     1    -1     1     -1       1    -1     1     -1        1       -1
B2g     1    -1     1    -1    -1      1       1    -1     1     -1       -1        1
E1g     2     1    -1    -2     0      0       2     1    -1     -2        0        0
E2g     2    -1    -1     2     0      0       2    -1    -1      2        0        0
A1u     1     1     1     1     1      1      -1    -1    -1     -1       -1       -1
A2u     1     1     1     1    -1     -1      -1    -1    -1     -1        1        1
B1u     1    -1     1    -1     1     -1      -1     1    -1      1       -1        1
B2u     1    -1     1    -1    -1      1      -1     1    -1      1        1       -1
E1u     2     1    -1    -2     0      0      -2    -1     1      2        0        0
E2u     2    -1    -1     2     0      0      -2     1     1     -2        0        0
#
Teta    0     60    120   180   180    180     0     300   240   180       180     180