# Character table for group D7d
#
Classe 10
#
nelet   1     2        2         2         7      1     2          2           2         7
#
elem    E     C7       C7^2      C7^3      C2'    i     S14^5      S14^3       S14       Sig_d
A1g     1     1        1         1         1      1     1          1           1         1
A2g     1     1        1         1        -1      1     1          1           1        -1
E1g     2     1.247   -0.445    -1.802     0      2     1.247     -0.445      -1.802     0
E2g     2    -0.445   -1.802     1.247     0      2    -0.445     -1.802       1.247     0
E3g     2    -1.802    1.247    -0.445     0      2    -1.802      1.247      -0.445     0
A1u     1     1        1         1         1     -1    -1         -1          -1        -1
A2u     1     1        1         1        -1     -1    -1         -1          -1         1
E1u     2     1.247   -0.445    -1.802     0     -2    -1.247      0.445      1.802      0
E2u     2    -0.445   -1.802     1.247     0     -2     0.445      1.802     -1.247      0
E3u     2    -1.802    1.247    -0.445     0     -2     1.802     -1.247      0.445      0
#
Teta    0     51.43    102.86    154.24    180    0     308.571    257.143    205.714    180