# Character table for group D7h 
#
Classe 10
#
nelet   1      2         2         2         7       1        2         2         2         7
#
elem    E      C7       C7^2       C7^3      C'2     Sig_h    S7        S7^5      S7^3      Sig_v
A'1     1      1         1         1         1       1        1         1         1         1
A'2     1      1         1         1        -1       1        1         1         1        -1    
E'1     2      1.247    -0.445    -1.802     0       2        1.247    -0.445    -1.802     0
E'2     2     -0.445    -1.802     1.247     0       2       -0.445    -1.802     1.247     0
E'3     2     -1.802     1.247    -0.445     0       2       -1.802     1.247    -0.445     0
A''1    1      1         1         1         1      -1       -1        -1        -1        -1
A''2    1      1         1         1        -1      -1       -1        -1        -1         1
E''1    2      1.247    -0.445    -1.802     0      -2       -1.247    -0.445    -1.802     0
E''2    2     -0.445    -1.802     1.247     0      -2       -0.445    -1.802    -1.247     0
E''3    2     -1.802     1.247    -0.445     0      -2       -1.802    -1.247    -0.445     0    
#
Teta    0      51.43     102.86    154.24    180     180      231.43    77.15     334.29    180
