# Character table for group D8d
#
Classe 11
#
nelet   1      2        2        2        2        2        2        2        1        8        8
#
elem    E      S16      C8       S16^3    C4       S16^5    C8^3     S16^7    C2       C2'      Sig_d
A1      1      1        1        1        1        1        1        1        1        1        1
A2      1      1        1        1        1        1        1        1        1       -1       -1
B1      1     -1        1       -1        1       -1        1       -1        1        1       -1
B2      1     -1        1       -1        1       -1        1       -1        1       -1        1
E1      2      1.848    1.414    0.765    0       -0.765   -1.414   -1.848   -2        0        0
E2      2      1.414    0       -1.414   -2       -1.414    0        1.414    2        0        0
E3      2      0.765   -1.414   -1.848    0        1.848    1.414   -0.765   -2        0        0
E4      2      0       -2        0        2        0       -2        0        2        0        0
E5      2     -0.765   -1.414    1.848    0       -1.848    1.414    0.765   -2        0        0
E6      2     -1.414    0        1.414   -2        1.414    0       -1.414    2        0        0
E7      2     -1.848    1.414   -0.765    0        0.765   -1.414    1.848   -2        0        0     
#
Teta    0      202.5    45       247.5    90       292.5    135      337.5    180     180      180