# Character table for group D8h
#
Classe 14
#
nelet   1       2       2       2       1       4       4       1       2       2       2       1        4       4
#
elem    E       C8      C8^3    C4      C2      C2'     C2''    i       S8      S8^3    S4      Sig_h    Sig_d   Sig_v
A1g     1       1       1       1       1       1       1       1       1       1       1       1        1       1
A2g     1       1       1       1       1      -1      -1       1       1       1       1       1       -1      -1
B1g     1      -1      -1       1       1       1      -1       1      -1      -1       1       1        1      -1
B2g     1      -1      -1       1       1      -1       1       1      -1      -1       1       1       -1       1
E1g     2       1.414  -1.414   0      -2       0       0       2       1.414  -1.414   0      -2        0       0
E2g     2       0       0      -2       2       0       0       2       0       0      -2       2        0       0
E3g     2      -1.414   1.414   0      -2       0       0       2      -1.414   1.414   0      -2        0       0
A1u     1       1       1       1       1       1       1      -1      -1      -1      -1      -1       -1      -1
A2u     1       1       1       1       1      -1      -1      -1      -1      -1      -1      -1        1       1
B1u     1      -1      -1       1       1       1      -1      -1       1       1      -1      -1       -1       1
B2u     1      -1      -1       1       1      -1       1      -1       1       1      -1      -1        1      -1
E1u     2       1.414  -1.414   0      -2       0       0      -2      -1.414   1.414   0       2        0       0
E2u     2       0       0      -2       2       0       0      -2       0       0       2      -2        0       0
E3u     2      -1.414   1.414   0      -2       0       0      -2       1.414  -1.414   0       2        0       0
#
Teta    0       45      135     90      180     180     180     0       225     315     270    180      180     180