# Character table for group Ih
#
Classe 10
#
nelet   1      12        12        20        15        1        12        12        20        15
#
elem    E      C5        C5^2      C3        C2        i        S10       S10^3     S6        Sig
Ag      1      1         1         1         1         1        1         1         1         1
T1g     3      1.618    -0.618     0        -1         3        1.618    -0.618     0        -1
T2g     3     -0.618     1.618     0        -1         3       -0.618     1.618     0        -1
Gg      4     -1        -1         1         0         4       -1        -1         1         0
Hg      5      0         0        -1         1         5        0         0        -1         1
Au      1      1         1         1         1        -1       -1        -1        -1        -1
T1u     3      1.618    -0.618     0        -1        -3       -1.618    0.618      0         1
T2u     3     -0.618     1.618     0        -1        -3       -0.618   -1.618      0         1
Gu      4     -1        -1         1         0        -4        1        1         -1         0
Hu      5      0         0        -1         1        -5        0        0          1        -1
#
Teta    0      72       144       120       180        0       216      188        240       180