# Character table for group Oh
#
Classe 10
#
nelet     1      6       3         8       6       1      6       3          8       6
#
elem      E      C4      C4^2      C3      C2      i      S4      Sig_h      S6      Sig_d
#
A1g       1      1       1         1       1       1      1       1          1       1
A2g       1     -1       1         1      -1       1     -1       1          1      -1
Eg        2      0       2        -1       0       2      0       2         -1       0
T1g       3      1      -1         0      -1       3      1      -1          0       1
T2g       3     -1      -1         0       1       3     -1      -1          0       1
A1u       1      1       1         1       1      -1     -1      -1         -1      -1
A2u       1     -1       1         1      -1      -1      1      -1         -1       1
Eu        2      0       2        -1       0      -2      0      -2          1       0
T1u       3      1      -1         0      -1      -3     -1       1          0       1
T2u       3     -1      -1         0       1      -3      1       1          0      -1
#
Teta      0     90      180       120     180      0     270     180        240     180
